4.812755827768341987e+00,2.145246357432370132e+01,3.040751251091842278e+01,4.807269438393086602e+01,5.518872840204858221e+01,5.909313022375226865e+01,6.527766160092232894e+01,6.910763996941386722e+01,6.739062480659140419e+01,6.191356131043721689e+01,5.748838794558287191e+01,6.049536072988939850e+01,6.829929446021833428e+01,8.119273764806621330e+01,1.014233832158879522e+02,1.171902144453615620e+02,1.272320291807627655e+02,1.358285973001393359e+02,1.459251414857517375e+02,1.339757439187324053e+02,nan,nan
-1.213660059642097622e+01,-6.558163643028819934e+00,-2.486877635582459334e+00,9.706014723743464856e+00,2.189802600116945541e+01,3.560538582314165978e+01,4.235606068941160629e+01,5.144589409302625427e+01,5.728453009815439145e+01,4.991046420233033132e+01,4.626787258387776092e+01,4.839904885353917052e+01,5.397540381987073488e+01,6.491074207181281963e+01,7.600766459352325910e+01,9.029902622076679108e+01,1.109344183099392467e+02,1.193819183845935186e+02,1.181685981196169450e+02,1.213120322746317470e+02,1.299676140407173079e+02,1.332672127985979387e+02
-3.898669146358224680e+01,-3.823687740870354901e+01,-4.287703314255304576e+01,-2.670633501412066835e+01,-1.089115484844751336e+01,4.884887148026791692e+00,1.671517745834353263e+01,3.189515684440902987e+01,3.616679706558352336e+01,2.949927065918109292e+01,2.879794397790101357e+01,2.871212885763998202e+01,3.083639196351123246e+01,3.680816219024472957e+01,4.714007187537663413e+01,6.077061276788936084e+01,8.082184071086248878e+01,9.380042539938494883e+01,9.983443399529733142e+01,1.078517043130359525e+02,1.154004334765622843e+02,1.268938129636717349e+02
-5.543542006817278889e+01,-5.871135126679200766e+01,-5.489575464561676199e+01,-4.564309369675538619e+01,-3.112041403711828025e+01,-1.433343520561084006e+01,-3.460685560107776837e+00,2.309841437362592842e+00,-2.756183616609632736e+00,-2.172737252683873521e+00,-7.486623681511446193e+00,-8.713088114836864406e+00,-1.867117293678347778e+00,-1.816954524715583830e+00,8.374260465447150636e+00,2.206658884486569150e+01,3.112708716298766376e+01,4.931736817318505928e+01,7.004394584567671700e+01,8.872513754444753431e+01,9.999030646364099084e+01,1.126442580577686385e+02
-6.417516998745850287e+01,-6.801224125916724006e+01,-6.372405166196767823e+01,-5.610908194538205862e+01,-3.693828604991631437e+01,-1.950693075191429671e+01,-1.110919539132191858e+01,-1.396723715645657649e+01,-3.170128969226152549e+01,-3.711529941367462015e+01,-4.071046709609254322e+01,-4.336595724243761651e+01,-3.992477721581963124e+01,-3.286597458086089318e+01,-2.703181189458700828e+01,-1.842955145963514951e+01,-1.409604743728414178e+01,1.340289861186010967e+01,4.463009055011571036e+01,6.857865098418733396e+01,8.541149699752349989e+01,9.480576961982387729e+01
-7.489991081824973662e+01,-7.051758448106738797e+01,-6.429564564268457616e+01,-5.468622862910433469e+01,-3.424999672521698812e+01,-2.105805508887897304e+01,-1.486074101095709921e+01,-2.038473112524116004e+01,-3.552857375624626002e+01,-4.427948341571936908e+01,-4.859730252344161272e+01,-5.397851717396679305e+01,-5.384617095858993707e+01,-4.663409932486138132e+01,-4.180813248949652916e+01,-3.729453497822760255e+01,-3.488195848302621016e+01,-1.925404836294728739e+01,1.516318617363140220e+01,5.002406210814297083e+01,7.781098526338064403e+01,8.262389074400834943e+01
-8.435476202427798853e+01,-7.701300294017528358e+01,-6.726722665784927813e+01,-5.600447302511474845e+01,-3.725782834009987710e+01,-2.136349739587967633e+01,-1.727605661586130736e+01,-2.126854701163119898e+01,-3.405375135046051582e+01,-4.058303293263088563e+01,-4.559069624125004339e+01,-4.737282496628722583e+01,-4.883095976166441687e+01,-5.051309080266037199e+01,-4.966289271196455957e+01,-5.094483654249961546e+01,-4.846587543659825315e+01,-3.787837251550536166e+01,1.976581471195459017e+00,3.715402527572859981e+01,6.523729751883365680e+01,8.170368299905203457e+01
-8.999450521489870880e+01,-8.252349115849665395e+01,-7.014958751888389088e+01,-6.147148836416727136e+01,-4.219647782652918977e+01,-2.491679388149532315e+01,-1.867960687887625681e+01,-2.066448604320794402e+01,-2.427395346228513517e+01,-2.751321923971318029e+01,-2.863769154204601364e+01,-3.104111882222878194e+01,-3.816630686110875104e+01,-4.278745761897880584e+01,-4.678584806836170173e+01,-5.073130812982526550e+01,-5.283158081434339692e+01,-3.760869915729745117e+01,4.720408027424127795e-03,3.328193914071835025e+01,5.390708883689603681e+01,6.779916774112098210e+01
-6.459208996190136531e+01,-7.706757211012336484e+01,-7.144007347311071499e+01,-5.960965998395658971e+01,-4.883980103713020071e+01,-3.837234049136895919e+01,-2.797156478130818869e+01,-2.124256705717289151e+01,-1.916183533502498904e+01,-1.934844787320253090e+01,-2.298885406162298750e+01,-2.661324124520160694e+01,-3.154095368303660507e+01,-4.527122517709267413e+01,-5.277353123680677527e+01,-5.753757729416247457e+01,-6.293911194341762894e+01,-5.057925252953282325e+01,-1.624848992015540716e+01,1.308432014583831915e+01,3.537254792675412318e+01,4.769380064688721177e+01
-5.516179657772045175e+01,-4.504987058681945200e+01,-4.036141683443565853e+01,-5.068815359721702407e+01,-4.874774890903518099e+01,-4.042442373577796388e+01,-3.022582880200843647e+01,-1.944159915229374747e+01,-1.255127487733989256e+01,-1.345521433959129354e+01,-1.968353404481786129e+01,-2.609922030209236254e+01,-4.022158240305634536e+01,-5.310699288807427365e+01,-6.470365645552647038e+01,-7.299790323999513930e+01,-7.724449612524858821e+01,-7.614443925384239265e+01,-4.446158941696012334e+01,-1.600966595656791469e+01,7.383368432259885594e+00,1.809430494949265267e+01
-5.072913795994190878e+01,-4.183670253665877681e+01,-3.742692420537423459e+01,-4.124368364580914204e+01,-4.462727512360379478e+01,-3.715257267658307683e+01,-2.899717175475507247e+01,-1.430510443876119098e+01,-4.896576214013293793e+00,-8.767334924840724852e+00,-1.640726388156053872e+01,-2.652351807715331233e+01,-4.179768152857650421e+01,-5.639349927564489917e+01,-7.156335860730905551e+01,-8.310601630262135586e+01,-9.631118166657415713e+01,-1.031473988189427473e+02,-8.036647941780393012e+01,-4.905843825297597505e+01,-2.784782041595371993e+01,-1.889530939182350266e+01
-5.416769331783052621e+01,-4.080971119095102040e+01,-2.921483003186312999e+01,-3.052929601360119705e+01,-3.668417651672825741e+01,-3.455691951384869753e+01,-2.618204481377506454e+01,-8.906368898536129564e+00,7.926950269747976563e-01,-2.956514948429685319e+00,-1.143524649590744957e+01,-2.106485934818283567e+01,-3.685135786370938149e+01,-5.207562457136100420e+01,-6.509482624474185286e+01,-8.476555894715147588e+01,-1.134337961785922744e+02,-1.257631931066362085e+02,-1.035094448061117873e+02,-7.918019119911059533e+01,-5.973739306663355819e+01,-3.978347342017423216e+01
-7.228374347436238168e+01,-5.425028627713891183e+01,-3.388951124365576106e+01,-1.874407468054505443e+01,-2.518739198192815820e+01,-2.325656821718985157e+01,-1.804567143131043849e+01,-9.553480825523365638e+00,-3.499756276551124756e-01,2.004459318105546117e+00,-3.694192616604595969e+00,-1.362028519418163341e+01,-2.753974831628511311e+01,-3.943002711172539421e+01,-5.536963833757999964e+01,-7.875413757613114285e+01,-1.098734499057527501e+02,-1.294229516301838885e+02,-1.202096984320151023e+02,-8.541658637388172792e+01,-5.627929855556885741e+01,-3.303567129213206499e+01
-1.200689257529911629e+02,-7.305843659690344793e+01,-4.579100811874650390e+01,-2.457426622903221869e+01,-1.556735420111726853e+01,-1.536483915593271377e+01,-1.281250067570908868e+01,-1.066017440451378206e+01,-1.797014057557134947e+00,5.681644859216248733e+00,3.908281833904766245e+00,-3.525735825565789128e+00,-7.464047639554337366e+00,-1.375414359410478937e+01,-3.149559463851164764e+01,-6.104288980808541965e+01,-8.891007474897833163e+01,-1.035252470888799508e+02,-9.914457957581635128e+01,-6.627086169915219216e+01,-3.392388829907031322e+01,-5.743492120087466901e+00
-1.973705479255413593e+02,-1.443514938300559152e+02,-6.054903803603883716e+01,-3.583172997057408793e+01,-1.481497378634139750e+01,-1.524194426982558070e+01,-1.314299576556095417e+01,-9.499942377850857156e+00,-3.021121906331245555e+00,5.550486308058680152e+00,8.671351270620107243e+00,9.478464994906062202e+00,1.078731255989532656e+01,7.848205244395103364e+00,-6.282675147468580690e+00,-3.362864998723307508e+01,-5.969407514024624106e+01,-6.677715234553124901e+01,-5.907111835191335558e+01,-3.014078408838577161e+01,2.019361304105586896e+00,2.983530533641533111e+01
-2.082308062032279850e+02,-1.703023764619256326e+02,-9.891595176112241461e+01,-4.854316768197350029e+01,-2.205384381786734593e+01,-1.563369760660589236e+01,-1.584514117873459327e+01,-1.623234388568198483e+01,-1.096055596572387003e+01,-1.362277835851273267e-01,7.633507663972523005e+00,1.682613715562820289e+01,2.331104950427561562e+01,2.488133026369450818e+01,1.145324716316736158e+01,-5.463700687032542191e+00,-2.404505926866386289e+01,-2.681150507008169370e+01,-1.755329908127350791e+01,1.101936897829455120e+01,4.214090422667050007e+01,7.203315287581335724e+01
-1.849733297896300428e+02,-1.354787573675803287e+02,-8.556889076767038205e+01,-5.781994577260047663e+01,-3.132754007984476630e+01,-1.989685795795594458e+01,-2.541251378252763971e+01,-3.115729698752875265e+01,-2.005181166623151512e+01,-5.828292085067005246e+00,4.957105323473115277e+00,1.746230645604100573e+01,2.568358311434894858e+01,3.249934249781199469e+01,2.722408513219579618e+01,1.742293744734161010e+01,8.428387393326374877e+00,1.052560481574437290e+01,1.839118909598437313e+01,4.765033733028667484e+01,7.787338032186380588e+01,1.000850251865158498e+02
-1.357502520827820263e+02,-9.233556555837367341e+01,-5.834200986246560205e+01,-5.382188530865551002e+01,-3.624148644906654226e+01,-3.388439416499750223e+01,-4.616344357875004789e+01,-3.893390792271202372e+01,-2.707614752452082030e+01,-9.836244219016407442e+00,3.523039338162561762e+00,1.439033397555158444e+01,2.425431096337797499e+01,3.297351662408254924e+01,3.852365489149269706e+01,3.637908878052985528e+01,3.650136084559835581e+01,4.048673201987912762e+01,4.727177705593840074e+01,6.767936780852505763e+01,1.018453502761531126e+02,1.224612629933426433e+02
-9.490133481698376272e+01,-5.104359364487027051e+01,-4.373584458630466543e+01,-3.913979643985749135e+01,-3.489625643564522761e+01,-3.761463599402304681e+01,-4.000847237265315925e+01,-3.105450995519186108e+01,-2.375980034754957160e+01,-9.469157204899602220e+00,3.627783152240226627e+00,1.493757382496278296e+01,2.267795352452685620e+01,3.167441924548893439e+01,4.072511617449890764e+01,4.922249568602910585e+01,5.406481317146244692e+01,5.780342075512180600e+01,6.225946938176548429e+01,7.636206561618291744e+01,1.051257480190397473e+02,1.266613419932882607e+02
-6.731025264806157793e+01,-3.018512018177534628e+01,-2.370998434350531170e+01,-3.391904295827680471e+01,-3.496940291292776237e+01,-3.390223666334895825e+01,-2.992686490951291489e+01,-2.216028497303432232e+01,-1.322844900114159827e+01,-3.658362843693794275e+00,6.565784263752902916e+00,1.601434751302258519e+01,2.363494229359366727e+01,3.368215644135034381e+01,4.507906453617124498e+01,5.429825525014621235e+01,6.121313982954598032e+01,6.438765503939248447e+01,6.952354593816653505e+01,7.711055562364799698e+01,9.261490579596556927e+01,1.280106488836809149e+02
-9.773035915497257520e+01,-5.684286715842063131e+01,-2.190862473924062215e+01,-4.463782561442167207e+01,-3.281296673984616064e+01,-2.007183798654114071e+01,-1.451563079708103032e+01,-8.613481439650968241e+00,-3.023688032775680767e+00,4.013197869395298767e+00,1.103381965435983147e+01,1.744870624633858824e+01,2.543231844990896207e+01,3.269922623010552343e+01,4.320644689392247528e+01,5.407854346083058772e+01,6.307166925768797228e+01,6.669996543075922091e+01,6.913359280208169366e+01,7.477632820126018487e+01,8.486620345178289426e+01,nan
-1.394746911802749310e+02,-9.228902583441504248e+01,-5.625286498144578218e+01,-3.296876212892857438e+01,-1.710950731459524832e+01,-3.941691202653601067e+00,4.137442293504136615e-01,3.511641682175650203e+00,6.885011066686274717e+00,1.122622522750316421e+01,1.632157329196434148e+01,2.084897708764765412e+01,2.717556056185730995e+01,3.295533787725707953e+01,3.915186453274691303e+01,4.792231271818673122e+01,5.613811859043926233e+01,6.248039204475207953e+01,6.559114348616094503e+01,6.831686139565408666e+01,7.488076121581616462e+01,nan
-1.399977661611619624e+02,-9.166275683100775495e+01,-4.516210457064244110e+01,-1.714397501741950691e+01,-3.504335547752816638e+00,7.300849315275627305e+00,1.180747952904675913e+01,1.479016822249923280e+01,1.553717061944371380e+01,1.749101770221113838e+01,2.103609555434923095e+01,2.347124551543947746e+01,2.635018734771711024e+01,3.066807665932810778e+01,3.518683129144028499e+01,3.936451145158116560e+01,4.591433803635482036e+01,5.326884012099071697e+01,5.523015140771531151e+01,5.992605478273071640e+01,6.454478977629696601e+01,nan
-1.299202505951989224e+02,-7.440406689615338109e+01,-3.018975482365203789e+01,-6.898304774505959358e+00,3.025840289514235337e+00,1.211984227588891372e+01,1.662832941252054297e+01,2.025304947013501078e+01,2.093793770148295152e+01,2.282519553353631636e+01,2.491126843478014052e+01,2.577566837624453910e+01,2.621885393978573120e+01,2.613422114800960117e+01,2.807897688884168019e+01,3.083833558758306026e+01,3.369864539058107766e+01,3.761239356108762877e+01,4.247838135391430114e+01,nan,nan,nan
-1.169565909742887015e+02,-5.424677735218938324e+01,-1.914223928936735319e+01,-3.141372519356082194e+00,5.686064952378728776e+00,1.289453385663910012e+01,1.765309167296800297e+01,2.329115478188305133e+01,2.538114483309800562e+01,2.678146314175228326e+01,2.797833597062162880e+01,2.765958377647257294e+01,2.637794189094165631e+01,2.271139966512328101e+01,2.171869623040856823e+01,2.414835925964598573e+01,2.626733626826899126e+01,2.856268379070206720e+01,3.184157208029500907e+01,2.570746980472449650e+01,nan,nan
-8.703562139710265910e+01,-3.026438733923350810e+01,-1.142075056527573906e+01,3.640374094857179443e-01,7.481149046619066212e+00,1.103916591992310714e+01,1.549546273568648758e+01,2.130066752259608620e+01,2.688301314509681106e+01,2.975372362993130082e+01,3.091879725066792162e+01,2.899522835999505332e+01,2.717204675708580908e+01,2.030915072748848615e+01,1.774940764402890636e+01,1.991573920290193200e+01,2.250918448032007291e+01,2.436394349473721377e+01,2.391651048567200633e+01,2.116526054448786454e+01,1.914444388272568176e+01,nan
-5.700443774985433265e+01,-1.780418544445365114e+01,-1.484733536633939366e+00,7.184126132136952947e+00,7.015838426917071047e+00,9.753197442624696123e+00,1.401662087079785124e+01,1.947659046638091240e+01,2.683502683894585061e+01,3.201375931863185542e+01,3.471290919693183241e+01,3.259966095166237210e+01,2.768997532657067495e+01,2.014620023353290890e+01,1.640259848851837887e+01,1.939553983203222742e+01,2.322902243564476521e+01,2.453415914768447692e+01,2.486573500499162037e+01,2.335249459626447788e+01,2.022291261742884672e+01,1.870383694001247932e+01
-2.746998225268362148e+01,-1.015156281297549867e+01,3.761092872205153981e+00,1.136236979341356346e+01,6.095522352854459314e+00,2.675916301771394501e+00,6.198093470718049502e+00,1.519842905388486543e+01,2.407064578649624309e+01,3.256520516592354397e+01,3.745752645044376550e+01,3.674854652407884714e+01,3.014018564741036244e+01,2.273487328891769721e+01,1.643610335748599027e+01,2.414987768178434635e+01,2.729984877675906318e+01,2.794194334047733719e+01,2.684484602986140089e+01,2.530915858208936697e+01,2.196626356887918519e+01,1.997041718863692950e+01
